[weight]
weightPos=(167.709,-8.674,27.693)
count=400
waittime=0.1
singleWeight=0.002
beforeWait=100
afterWait=7000
unit=0.0175
all=7
weightz=2

[purge]
purgePos=(20,30,30)
purgeHeight=5
purgez=5.8
pos=(96.702,5.58,22.28)
purgecam1=(131.988,1.242,0)
purgecam2=(131.373,37.859,0)
purgecam3=(185.874,37.191,0)
purgecamcenter=(158.322,19.946,0)
openAdvance=1
ispurgefirst=1
ismove=0
radius=0.5
cyclecount=1
fuildcount=100
time=0
iscount=0
iscycle=0

[heightmeasure]
heightPos=(100,100,30)
baseHeight=-200
surfaceHeight=-220

[heightwork]
safeHeight=0
dispenseHeight=5

[offset]
jobName=finfluid
camToLaser=(5.143,-41.078,0)
camToValve=(-61.586,-13.983,0)
mtlZOffset=32.072
laserz=1.1465

[temperature]
temp_glue=45
temp_track=20

[laser]
cameral=(301.396,43.424,0)
laserc=(306.539,2.346,0)

[valve]
valve=(236.1,96.7707,0)
cameraf=(295.491,111.513,0)

[msw]
camPos1=(360.824,15.045,0)
camPos2=(360.335,40.952,0)
camPos3=(375.374,40.358,0)
laserPos=(323.742,9.845,0)
valvePos=(258.381,36.083,25)
detect=10
zPos=27
detectvel=1
detectacc=10
detectdec=10
bStep=0.2
sStep=0.03
camCenter=(0,0,0)
searchTimes=2
tolerance=0.05

[weigth]
weightcam1=(203.952,-0.969,0)
weightcam2=(203.942,12.42,0)
weightcam3=(255.074,11.677,0)

[airpre]
airPressure_SebificDuct=15
airPressure_Value=50
spreadradio=33.7107
spreadoffset=-30.1922
spsetradio=-0.586754
spsetoffset=83.1119
direadradio=31.086
direadoffset=-25.7072
disetradio=-0.607843
disetoffset=84.5359

[dispenser]
open=2
close=2
channel=1
openc1=3
closec1=3
openc2=3
closec2=3
drive=0
count=100

[light]
R=255
G=255
B=255
Cur_R=255
Cur_G=255
Cur_B=255

[vision]
badmark=0
locationType=0

[prelim_Needle_cam]
needle=(97.013,6.606,0)
cameral=(158.72,21.025,0)
offset=(-61.707,-14.419,0)

[NeedleToCamXY]
PrintCount=1
PrintHeight=1
MaxOffset=5
LeftDownPos=(301.275,5.681,0)

